88,5
88,4
88,3
88,2
88,1
88,0
87,5
87,4
87,3
87,2
87,1
87,0
86,5
86,4
86,3
86,2
86,1
86,0
85,4
85,3
85,2
85,1
85,0
84,5
84,4
84,3
84,2
84,1
84,0
83,5
83,4
83,3
83,2
83,1
83,0
82,3
82,2
82,1
82,0
74,4
74,2
74,0
74,1
74,3
77,5
77,2
77,0
77,3
76,5
76,4
76,2
76,0
76,1
76,3
0,278
71,2
71,0
77,1
77,4
81,35
71,1
71,3
3,2
3,1
3,3
10,72
10,90
10,4
10,142
10,230
10,202
10,6
10,2
10,3
11,12
11,6
9,7
9,4
9,1
9,6
8,4
8,8
8,9
8,11
8,16
8,15
20,2
20,3
20,1
12,3
12,2
19,2
19,1
12,1
11,28
11,27
11,26
11,25
11,24
11,23
19,3
11,22
11,21
11,20
11,19
11,18
11,17
11,16
11,15
11,14
11,13
11,11
11,8
11,5
11,3
11,2
11,1
10,309
10,308
10,307
10,306
10,305
10,304
10,303
10,302
10,301
10,300
10,299
10,298
10,297
10,296
10,295
10,294
10,293
